SVM results for neutral-peak displacements as features
Mean performance: 97.3%
Standard deviation: 0.4%

Confusion matrices:
    validation
pred  1  2  3  4  5  6  7
   1 53  0  1  0  0  1  0
   2  1 27  0  0  1  0  2
   3  1  0 68  0  0  0  0
   4  0  0  0 34  0  0  0
   5  0  0  0  1 78  0  0
   6  0  1  0  0  0 37  0
   7  0  0  0  0  0  0 91
[1] 0.9724432
[1] 0.9724432


    validation
pred  1  2  3  4  5  6  7
   1 53  0  0  0  0  0  0
   2  1 27  0  0  1  0  2
   3  1  0 69  0  0  1  0
   4  0  0  0 34  0  0  0
   5  0  0  0  1 78  0  0
   6  0  1  0  0  0 37  0
   7  0  0  0  0  0  0 91
[1] 0.9757576
[1] 0.9757576

    validation
pred  1  2  3  4  5  6  7
   1 53  0  0  0  0  1  0
   2  1 27  0  0  1  0  2
   3  1  0 69  0  0  0  0
   4  0  0  0 34  0  0  0
   5  0  0  0  1 78  0  0
   6  0  1  0  0  0 37  0
   7  0  0  0  0  0  0 91
[1] 0.9753788
[1] 0.9753788

    validation
pred  1  2  3  4  5  6  7
   1 55  0  0  0  0  1  1
   2  0 27  0  0  1  0  1
   3  0  0 69  0  0  0  0
   4  0  0  0 34  0  0  0
   5  0  0  0  1 78  0  0
   6  0  1  0  0  0 37  0
   7  0  0  0  0  0  0 91
[1] 0.9817235
[1] 0.9817235

    validation
pred  1  2  3  4  5  6  7
   1 53  0  0  0  0  1  0
   2  1 27  0  0  1  0  2
   3  1  0 69  0  0  0  0
   4  0  0  0 32  0  0  0
   5  0  0  0  3 78  0  0
   6  0  1  0  0  0 37  0
   7  0  0  0  0  0  0 91
[1] 0.9694129
[1] 0.9694129







==============================================
> mean(accs)
[1] 0.9653010417

> sqrt(var(accs))
[1] 0.005916508205

> max(accs)
[1] 0.9757575758

Confusion matrices:
    validation
pred  1  2  3  4  5  6  7
   1 55  0  0  0  0  0  0
   2  0 26  0  0  1  0  1
   3  0  1 69  0  0  1  0
   4  0  0  0 33  0  1  1
   5  0  0  0  2 78  0  1
   6  0  1  0  0  0 36  0
   7  0  0  0  0  0  0 90
[1] 0.9693181818
    validation
pred  1  2  3  4  5  6  7
   1 54  0  0  0  0  0  0
   2  1 24  0  0  1  0  1
   3  0  1 69  0  0  1  0
   4  0  1  0 33  0  0  0
   5  0  1  0  2 78  0  1
   6  0  0  0  0  0 37  0
   7  0  1  0  0  0  0 91
[1] 0.9662878788
    validation
pred  1  2  3  4  5  6  7
   1 54  0  0  0  0  0  1
   2  0 25  0  0  1  1  1
   3  1  1 69  0  0  1  0
   4  0  0  0 33  0  1  0
   5  0  1  0  2 78  0  0
   6  0  1  0  0  0 34  0
   7  0  0  0  0  0  1 91
[1] 0.9603219697
    validation
pred  1  2  3  4  5  6  7
   1 54  0  0  0  0  0  0
   2  0 26  0  0  1  0  2
   3  1  1 69  0  0  1  0
   4  0  0  0 32  0  1  0
   5  0  0  0  2 78  0  0
   6  0  1  0  0  0 36  0
   7  0  0  0  1  0  0 91
[1] 0.9662878788
    validation
pred  1  2  3  4  5  6  7
   1 55  0  0  0  0  1  0
   2  0 24  0  0  1  0  1
   3  0  0 69  0  0  1  0
   4  0  0  0 31  0  0  0
   5  0  2  0  2 78  0  1
   6  0  0  0  0  0 35  0
   7  0  2  0  2  0  1 91
[1] 0.9570075758
    validation
pred  1  2  3  4  5  6  7
   1 55  0  0  0  0  0  0
   2  0 26  0  0  1  0  1
   3  0  1 69  0  0  1  0
   4  0  0  0 33  0  0  0
   5  0  0  0  2 78  0  1
   6  0  1  0  0  0 37  0
   7  0  0  0  0  0  0 91
[1] 0.9755681818
    validation
pred  1  2  3  4  5  6  7
   1 55  0  0  0  0  0  0
   2  0 26  0  0  1  2  2
   3  0  1 69  0  0  0  0
   4  0  0  0 33  0  0  0
   5  0  0  0  2 78  0  0
   6  0  1  0  0  0 36  0
   7  0  0  0  0  0  0 91
[1] 0.9723484848
    validation
pred  1  2  3  4  5  6  7
   1 55  0  0  0  0  0  0
   2  0 26  0  0  1  0  2
   3  0  1 69  0  0  1  0
   4  0  0  0 31  0  0  0
   5  0  0  0  2 78  0  0
   6  0  1  0  0  0 37  0
   7  0  0  0  2  0  0 91
[1] 0.9693181818
    validation
pred  1  2  3  4  5  6  7
   1 55  0  0  0  0  1  1
   2  0 24  0  0  1  1  1
   3  0  1 69  0  0  1  0
   4  0  1  0 33  0  0  0
   5  0  1  0  2 78  0  0
   6  0  1  0  0  0 35  0
   7  0  0  0  0  0  0 91
[1] 0.9632575758
    validation
pred  1  2  3  4  5  6  7
   1 54  1  0  0  0  0  0
   2  0 25  0  0  1  0  1
   3  1  1 69  0  0  1  0
   4  0  0  0 33  0  1  0
   5  0  0  0  2 78  0  1
   6  0  1  0  0  0 35  0
   7  0  0  0  0  0  1 91
[1] 0.9630681818
    validation
pred  1  2  3  4  5  6  7
   1 55  0  0  0  0  1  1
   2  0 24  0  0  1  0  1
   3  0  0 69  0  0  1  0
   4  0  0  0 33  0  0  0
   5  0  2  0  2 78  0  0
   6  0  1  0  0  0 36  0
   7  0  1  0  0  0  0 91
[1] 0.9664772727
    validation
pred  1  2  3  4  5  6  7
   1 55  1  0  0  0  0  0
   2  0 25  0  0  1  2  1
   3  0  1 69  0  0  1  0
   4  0  0  0 32  0  0  0
   5  0  0  0  2 78  0  1
   6  0  1  0  1  0 35  0
   7  0  0  0  0  0  0 91
[1] 0.9632575758
    validation
pred  1  2  3  4  5  6  7
   1 55  0  0  0  0  0  0
   2  0 26  0  0  1  0  2
   3  0  1 69  0  0  1  0
   4  0  0  0 33  0  0  0
   5  0  0  0  2 78  0  0
   6  0  1  0  0  0 37  0
   7  0  0  0  0  0  0 91
[1] 0.9757575758
    validation
pred  1  2  3  4  5  6  7
   1 55  1  0  0  0  0  0
   2  0 24  0  0  1  0  2
   3  0  0 69  0  0  1  0
   4  0  1  0 33  0  0  0
   5  0  0  0  2 78  0  0
   6  0  1  0  0  0 37  0
   7  0  1  0  0  0  0 91
[1] 0.9694128788
    validation
pred  1  2  3  4  5  6  7
   1 54  0  0  0  0  1  1
   2  0 25  0  0  1  0  1
   3  1  0 69  0  0  0  0
   4  0  0  0 32  0  0  0
   5  0  0  0  2 78  0  0
   6  0  1  0  0  0 37  0
   7  0  2  0  1  0  0 91
[1] 0.9663825758
    validation
pred  1  2  3  4  5  6  7
   1 54  1  0  0  0  0  0
   2  0 25  0  0  1  0  1
   3  0  1 69  0  0  0  0
   4  0  0  0 33  0  1  0
   5  0  0  0  2 78  0  1
   6  1  1  0  0  0 37  0
   7  0  0  0  0  0  0 91
[1] 0.9695075758
    validation
pred  1  2  3  4  5  6  7
   1 55  0  0  0  0  1  0
   2  0 26  0  0  1  0  2
   3  0  1 69  0  0  1  0
   4  0  0  0 33  0  0  0
   5  0  0  0  2 78  0  0
   6  0  1  0  0  0 36  0
   7  0  0  0  0  0  0 91
[1] 0.9724431818
    validation
pred  1  2  3  4  5  6  7
   1 55  1  0  0  0  0  0
   2  0 25  0  0  1  0  1
   3  0  1 69  0  0  1  0
   4  0  0  0 32  0  0  0
   5  0  0  0  2 78  0  1
   6  0  0  0  0  0 36  0
   7  0  1  0  1  0  1 91
[1] 0.9666666667
    validation
pred  1  2  3  4  5  6  7
   1 54  0  0  0  0  1  0
   2  0 25  0  0  1  0  1
   3  1  1 69  0  0  1  0
   4  0  0  0 33  0  0  0
   5  0  1  0  2 78  0  1
   6  0  1  0  0  0 36  0
   7  0  0  0  0  0  0 91
[1] 0.9663825758
    validation
pred  1  2  3  4  5  6  7
   1 55  0  0  0  0  1  0
   2  0 25  0  0  1  1  1
   3  0  1 69  0  0  1  0
   4  0  0  0 31  0  0  0
   5  0  1  0  3 78  0  1
   6  0  1  0  0  0 35  0
   7  0  0  0  1  0  0 91
[1] 0.9601325758
    validation
pred  1  2  3  4  5  6  7
   1 54  0  0  0  0  1  1
   2  0 24  0  0  1  0  1
   3  1  1 69  0  0  1  0
   4  0  1  0 32  0  0  0
   5  0  1  0  2 78  0  0
   6  0  1  0  0  0 36  0
   7  0  0  0  1  0  0 91
[1] 0.9601325758
    validation
pred  1  2  3  4  5  6  7
   1 55  0  0  0  0  0  0
   2  0 23  0  0  1  0  1
   3  0  0 69  0  0  1  0
   4  0  1  0 32  0  0  0
   5  0  2  0  2 78  0  1
   6  0  1  0  0  0 36  0
   7  0  1  0  1  0  1 91
[1] 0.9603219697
    validation
pred  1  2  3  4  5  6  7
   1 54  0  0  0  0  0  0
   2  0 26  0  0  1  1  2
   3  1  1 69  0  0  1  0
   4  0  0  0 31  0  1  0
   5  0  0  0  2 78  0  0
   6  0  1  0  0  0 34  0
   7  0  0  0  2  0  1 91
[1] 0.9573863636
    validation
pred  1  2  3  4  5  6  7
   1 54  0  0  0  0  0  0
   2  1 25  0  0  1  1  1
   3  0  1 69  0  0  1  0
   4  0  0  0 33  0  0  0
   5  0  1  0  2 78  0  1
   6  0  1  0  0  0 36  0
   7  0  0  0  0  0  0 91
[1] 0.9661931818
    validation
pred  1  2  3  4  5  6  7
   1 55  0  0  0  0  2  1
   2  0 23  0  0  1  2  1
   3  0  1 69  0  0  1  0
   4  0  0  0 33  0  1  0
   5  0  3  0  2 78  0  0
   6  0  1  0  0  0 32  0
   7  0  0  0  0  0  0 91
[1] 0.9515151515
    validation
pred  1  2  3  4  5  6  7
   1 54  0  0  0  0  0  0
   2  0 25  0  0  1  0  1
   3  0  1 69  0  0  1  0
   4  0  0  0 33  0  0  0
   5  0  1  0  2 78  0  1
   6  1  1  0  0  0 37  0
   7  0  0  0  0  0  0 91
[1] 0.9696022727
    validation
pred  1  2  3  4  5  6  7
   1 55  0  0  0  0  0  1
   2  0 22  0  0  1  0  1
   3  0  1 69  0  0  1  0
   4  0  0  0 33  0  0  0
   5  0  2  0  2 78  0  0
   6  0  0  0  0  0 37  0
   7  0  3  0  0  0  0 91
[1] 0.9633522727
    validation
pred  1  2  3  4  5  6  7
   1 55  1  0  0  0  0  1
   2  0 24  0  0  1  0  1
   3  0  1 69  0  0  1  0
   4  0  1  0 31  0  0  0
   5  0  0  0  2 78  0  0
   6  0  1  0  0  0 36  0
   7  0  0  0  2  0  1 91
[1] 0.9601325758
    validation
pred  1  2  3  4  5  6  7
   1 55  1  0  0  0  1  1
   2  0 25  0  0  1  2  1
   3  0  1 68  0  0  1  0
   4  0  0  0 32  0  0  0
   5  0  0  1  2 78  0  0
   6  0  1  0  0  0 33  0
   7  0  0  0  1  0  1 91
[1] 0.9536931818
    validation
pred  1  2  3  4  5  6  7
   1 53  0  0  0  0  0  1
   2  1 24  0  0  1  0  1
   3  1  1 69  0  0  1  0
   4  0  0  0 31  0  0  0
   5  0  2  0  2 78  0  0
   6  0  1  0  0  0 37  0
   7  0  0  0  2  0  0 91
[1] 0.9572916667
    validation
pred  1  2  3  4  5  6  7
   1 55  1  0  0  0  0  1
   2  0 25  0  0  1  1  1
   3  0  1 69  0  0  1  0
   4  0  0  0 33  0  0  0
   5  0  0  0  2 78  0  0
   6  0  1  0  0  0 36  0
   7  0  0  0  0  0  0 91
[1] 0.9693181818
    validation
pred  1  2  3  4  5  6  7
   1 55  0  0  0  0  0  1
   2  0 25  0  0  1  0  1
   3  0  1 69  0  0  1  0
   4  0  0  0 33  0  1  1
   5  0  1  0  2 78  0  0
   6  0  1  0  0  0 36  0
   7  0  0  0  0  0  0 90
[1] 0.9664772727
    validation
pred  1  2  3  4  5  6  7
   1 55  0  0  0  0  1  0
   2  0 26  0  0  1  0  2
   3  0  1 69  0  0  1  0
   4  0  0  0 32  0  0  0
   5  0  0  0  2 78  0  0
   6  0  1  0  0  0 36  0
   7  0  0  0  1  0  0 91
[1] 0.9691287879
    validation
pred  1  2  3  4  5  6  7
   1 54  0  0  0  0  0  0
   2  0 25  0  0  1  1  2
   3  0  1 69  0  0  1  0
   4  0  1  0 32  0  0  0
   5  0  0  0  2 78  0  0
   6  1  1  0  1  0 36  0
   7  0  0  0  0  0  0 91
[1] 0.9632575758
    validation
pred  1  2  3  4  5  6  7
   1 55  0  0  0  0  0  0
   2  0 25  0  0  1  0  1
   3  0  1 69  0  0  1  0
   4  0  0  0 33  0  1  0
   5  0  1  0  2 78  0  1
   6  0  0  0  0  0 35  0
   7  0  1  0  0  0  1 91
[1] 0.9662878788
    validation
pred  1  2  3  4  5  6  7
   1 55  0  0  0  0  3  0
   2  0 24  0  0  1  0  1
   3  0  1 69  0  0  1  0
   4  0  0  0 33  0  0  0
   5  0  2  0  2 78  0  1
   6  0  1  0  0  0 33  0
   7  0  0  0  0  0  1 91
[1] 0.9571022727
    validation
pred  1  2  3  4  5  6  7
   1 55  0  0  0  0  1  0
   2  0 26  0  0  1  0  1
   3  0  1 69  0  0  1  0
   4  0  0  0 33  0  0  0
   5  0  0  0  2 78  0  1
   6  0  1  0  0  0 36  0
   7  0  0  0  0  0  0 91
[1] 0.9723484848
    validation
pred  1  2  3  4  5  6  7
   1 55  0  0  0  0  0  0
   2  0 26  0  0  1  0  2
   3  0  1 68  0  0  1  0
   4  0  0  0 33  0  0  0
   5  0  0  1  2 78  0  0
   6  0  1  0  0  0 36  0
   7  0  0  0  0  0  1 91
[1] 0.9696969697
    validation
pred  1  2  3  4  5  6  7
   1 53  0  0  0  0  1  0
   2  0 26  0  0  1  1  2
   3  2  1 69  0  0  1  0
   4  0  0  0 32  0  0  0
   5  0  0  0  2 78  0  0
   6  0  1  0  0  0 35  0
   7  0  0  0  1  0  0 91
[1] 0.9603219697
    validation
pred  1  2  3  4  5  6  7
   1 55  1  0  0  0  0  2
   2  0 25  0  0  1  0  0
   3  0  1 69  0  0  1  0
   4  0  0  0 33  0  0  0
   5  0  0  0  2 78  0  0
   6  0  1  0  0  0 36  0
   7  0  0  0  0  0  1 91
[1] 0.9696969697
    validation
pred  1  2  3  4  5  6  7
   1 55  0  0  0  0  0  0
   2  0 26  0  0  1  0  2
   3  0  1 69  0  0  1  0
   4  0  0  0 33  0  0  0
   5  0  0  0  2 78  0  0
   6  0  1  0  0  0 37  0
   7  0  0  0  0  0  0 91
[1] 0.9754734848
    validation
pred  1  2  3  4  5  6  7
   1 55  0  0  0  0  0  2
   2  0 26  0  0  1  1  0
   3  0  1 69  0  0  1  0
   4  0  0  0 33  0  0  0
   5  0  0  0  2 78  0  0
   6  0  1  0  0  0 36  0
   7  0  0  0  0  0  0 91
[1] 0.9725378788
    validation
pred  1  2  3  4  5  6  7
   1 55  0  0  0  0  0  0
   2  0 25  0  0  1  1  1
   3  0  0 69  0  0  1  0
   4  0  1  0 33  0  0  0
   5  0  0  0  2 78  0  1
   6  0  0  0  0  0 35  0
   7  0  2  0  0  0  1 91
[1] 0.9664772727
    validation
pred  1  2  3  4  5  6  7
   1 55  1  0  0  0  1  0
   2  0 22  0  0  1  0  1
   3  0  1 69  0  0  1  0
   4  0  0  0 33  0  0  0
   5  0  3  0  2 78  0  1
   6  0  0  0  0  0 35  0
   7  0  1  0  0  0  1 91
[1] 0.9573863636
    validation
pred  1  2  3  4  5  6  7
   1 55  1  0  0  0  0  0
   2  0 25  0  0  1  1  2
   3  0  1 69  0  0  1  0
   4  0  0  0 33  0  0  0
   5  0  0  0  2 78  0  0
   6  0  1  0  0  0 36  0
   7  0  0  0  0  0  0 91
[1] 0.9695075758
    validation
pred  1  2  3  4  5  6  7
   1 55  1  0  0  0  0  0
   2  0 25  0  0  1  0  1
   3  0  1 69  0  0  1  0
   4  0  0  0 33  0  0  0
   5  0  0  0  2 78  0  1
   6  0  1  0  0  0 37  0
   7  0  0  0  0  0  0 91
[1] 0.9724431818
    validation
pred  1  2  3  4  5  6  7
   1 55  1  0  0  0  0  0
   2  0 25  0  0  1  0  1
   3  0  1 69  0  0  1  0
   4  0  0  0 33  0  0  0
   5  0  0  0  2 78  0  1
   6  0  1  0  0  0 36  0
   7  0  0  0  0  0  1 91
[1] 0.9692234848
    validation
pred  1  2  3  4  5  6  7
   1 55  0  0  0  0  0  0
   2  0 26  0  0  1  0  1
   3  0  1 69  0  0  1  0
   4  0  0  0 32  0  0  0
   5  0  0  0  2 78  0  1
   6  0  1  0  0  0 37  0
   7  0  0  0  1  0  0 91
[1] 0.9723484848
    validation
pred  1  2  3  4  5  6  7
   1 55  0  0  0  0  1  0
   2  0 26  0  0  1  0  1
   3  0  1 69  0  0  1  0
   4  0  0  0 32  0  0  0
   5  0  0  0  2 78  0  1
   6  0  1  0  0  0 35  0
   7  0  0  0  1  0  1 91
[1] 0.9662878788
    validation
pred  1  2  3  4  5  6  7
   1 54  1  0  0  0  0  0
   2  0 24  0  0  1  0  1
   3  0  1 69  0  0  1  0
   4  0  0  0 33  0  0  1
   5  0  0  0  2 78  0  1
   6  1  1  0  0  0 37  0
   7  0  1  0  0  0  0 90
[1] 0.9633522727
    validation
pred  1  2  3  4  5  6  7
   1 55  0  0  0  0  2  1
   2  0 26  0  0  1  2  1
   3  0  1 69  0  0  0  0
   4  0  0  0 31  0  0  0
   5  0  0  0  2 78  0  0
   6  0  1  0  0  0 34  0
   7  0  0  0  2  0  0 91
[1] 0.9605113636
    validation
pred  1  2  3  4  5  6  7
   1 55  0  0  0  0  0  1
   2  0 25  0  0  1  0  1
   3  0  1 69  0  0  1  0
   4  0  0  0 32  0  1  0
   5  0  1  0  2 78  0  0
   6  0  1  0  0  0 35  0
   7  0  0  0  1  0  1 91
[1] 0.9631628788
    validation
pred  1  2  3  4  5  6  7
   1 53  1  0  0  0  0  0
   2  0 24  0  0  1  1  1
   3  2  1 69  0  0  1  0
   4  0  0  0 32  0  2  0
   5  0  1  0  2 78  0  1
   6  0  1  0  1  0 34  0
   7  0  0  0  0  0  0 91
[1] 0.9509469697
    validation
pred  1  2  3  4  5  6  7
   1 55  0  0  0  0  2  1
   2  0 25  0  0  1  1  1
   3  0  1 69  0  0  1  0
   4  0  0  0 32  0  0  0
   5  0  1  0  2 78  0  0
   6  0  1  0  1  0 33  0
   7  0  0  0  0  0  1 91
[1] 0.9573863636
    validation
pred  1  2  3  4  5  6  7
   1 55  1  0  0  0  0  0
   2  0 25  0  0  1  0  2
   3  0  1 69  0  0  1  0
   4  0  0  0 32  0  0  0
   5  0  0  0  2 78  0  0
   6  0  1  0  0  0 37  0
   7  0  0  0  1  0  0 91
[1] 0.9695075758
    validation
pred  1  2  3  4  5  6  7
   1 54  1  0  0  0  0  0
   2  0 25  0  0  1  0  1
   3  1  1 69  0  0  1  0
   4  0  0  0 32  0  0  0
   5  0  0  0  2 78  0  1
   6  0  0  0  0  0 37  0
   7  0  1  0  1  0  0 91
[1] 0.9663825758
    validation
pred  1  2  3  4  5  6  7
   1 54  1  0  0  0  0  0
   2  0 25  0  0  1  0  1
   3  1  1 69  0  0  1  0
   4  0  0  0 33  0  0  0
   5  0  0  0  2 78  0  1
   6  0  0  0  0  0 36  0
   7  0  1  0  0  0  1 91
[1] 0.9664772727
    validation
pred  1  2  3  4  5  6  7
   1 54  0  0  0  0  1  1
   2  0 26  0  0  1  0  1
   3  1  1 69  0  0  1  0
   4  0  0  0 31  0  0  0
   5  0  0  0  2 78  0  0
   6  0  1  0  0  0 35  0
   7  0  0  0  2  0  1 91
[1] 0.9600378788
    validation
pred  1  2  3  4  5  6  7
   1 55  0  0  0  0  1  0
   2  0 23  0  0  1  0  1
   3  0  1 69  0  0  1  0
   4  0  0  0 32  0  1  0
   5  0  3  0  2 78  0  1
   6  0  1  0  1  0 34  0
   7  0  0  0  0  0  1 91
[1] 0.9542613636
    validation
pred  1  2  3  4  5  6  7
   1 55  0  0  0  0  0  0
   2  0 26  0  0  1  1  1
   3  0  1 69  0  0  1  0
   4  0  0  0 32  0  0  0
   5  0  0  0  2 78  0  1
   6  0  1  0  0  0 36  0
   7  0  0  0  1  0  0 91
[1] 0.9695075758
    validation
pred  1  2  3  4  5  6  7
   1 55  1  0  0  0  0  0
   2  0 25  0  0  1  0  1
   3  0  0 69  0  0  1  0
   4  0  0  0 33  0  0  0
   5  0  0  0  2 78  0  1
   6  0  1  0  0  0 36  0
   7  0  1  0  0  0  1 91
[1] 0.9695075758
    validation
pred  1  2  3  4  5  6  7
   1 55  0  0  0  0  0  0
   2  0 26  0  0  1  1  2
   3  0  1 68  0  0  1  0
   4  0  0  0 33  0  1  1
   5  0  0  0  2 78  0  0
   6  0  1  0  0  0 35  0
   7  0  0  1  0  0  0 90
[1] 0.9630681818
    validation
pred  1  2  3  4  5  6  7
   1 55  1  0  0  0  2  0
   2  0 24  0  0  1  1  1
   3  0  1 69  0  0  1  0
   4  0  1  0 32  0  1  0
   5  0  0  0  2 78  0  1
   6  0  1  0  0  0 32  0
   7  0  0  0  1  0  1 91
[1] 0.9509469697
    validation
pred  1  2  3  4  5  6  7
   1 55  0  0  0  0  0  0
   2  0 25  0  0  1  0  2
   3  0  1 69  0  0  1  0
   4  0  0  0 33  0  1  0
   5  0  1  0  2 78  0  0
   6  0  1  0  0  0 36  0
   7  0  0  0  0  0  0 91
[1] 0.9693181818
    validation
pred  1  2  3  4  5  6  7
   1 55  0  0  0  0  0  0
   2  0 26  0  0  1  0  1
   3  0  1 69  0  0  1  0
   4  0  0  0 31  0  1  0
   5  0  0  0  2 78  0  1
   6  0  0  0  0  0 36  0
   7  0  1  0  2  0  0 91
[1] 0.9665719697
    validation
pred  1  2  3  4  5  6  7
   1 55  0  0  0  0  0  0
   2  0 26  0  0  1  0  1
   3  0  1 69  0  0  1  0
   4  0  0  0 33  0  0  0
   5  0  0  0  2 78  0  1
   6  0  1  0  0  0 36  0
   7  0  0  0  0  0  1 91
[1] 0.9725378788
    validation
pred  1  2  3  4  5  6  7
   1 55  0  0  0  0  1  0
   2  0 24  0  0  1  0  2
   3  0  1 69  0  0  1  0
   4  0  0  0 33  0  1  0
   5  0  2  0  2 78  0  0
   6  0  1  0  0  0 34  0
   7  0  0  0  0  0  1 91
[1] 0.9603219697
    validation
pred  1  2  3  4  5  6  7
   1 54  0  0  0  0  0  0
   2  0 25  0  0  1  1  2
   3  1  1 69  0  0  1  0
   4  0  0  0 32  0  1  0
   5  0  1  0  2 78  0  0
   6  0  1  0  0  0 34  0
   7  0  0  0  1  0  1 91
[1] 0.9572916667
    validation
pred  1  2  3  4  5  6  7
   1 54  0  0  0  0  0  0
   2  1 24  0  0  1  0  1
   3  0  1 68  0  0  1  0
   4  0  0  1 31  0  0  0
   5  0  2  0  2 78  0  1
   6  0  0  0  1  0 36  0
   7  0  1  0  1  0  1 91
[1] 0.9538825758
    validation
pred  1  2  3  4  5  6  7
   1 55  0  0  0  0  0  1
   2  0 25  0  0  1  0  1
   3  0  0 69  0  0  1  0
   4  0  0  0 33  0  0  0
   5  0  1  0  2 78  0  0
   6  0  0  0  0  0 36  0
   7  0  2  0  0  0  1 91
[1] 0.9693181818
    validation
pred  1  2  3  4  5  6  7
   1 55  0  0  0  0  1  1
   2  0 25  0  0  1  1  1
   3  0  1 69  0  0  1  0
   4  0  0  0 33  0  0  0
   5  0  0  0  2 78  0  0
   6  0  1  0  0  0 35  0
   7  0  1  0  0  0  0 91
[1] 0.9663825758
    validation
pred  1  2  3  4  5  6  7
   1 54  1  0  0  0  0  1
   2  0 23  0  0  1  1  1
   3  1  1 69  0  0  1  0
   4  0  0  0 32  0  0  0
   5  0  2  0  2 78  0  0
   6  0  0  0  1  0 36  0
   7  0  1  0  0  0  0 91
[1] 0.9573863636
    validation
pred  1  2  3  4  5  6  7
   1 55  0  0  0  0  0  1
   2  0 24  0  0  1  0  1
   3  0  0 69  0  0  1  0
   4  0  0  0 33  0  0  0
   5  0  2  0  2 78  0  0
   6  0  1  0  0  0 37  0
   7  0  1  0  0  0  0 91
[1] 0.9694128788
    validation
pred  1  2  3  4  5  6  7
   1 54  0  0  0  0  1  0
   2  0 26  0  0  1  0  1
   3  0  1 69  0  0  1  0
   4  0  0  0 32  0  1  0
   5  0  0  0  2 78  0  1
   6  1  1  0  0  0 34  0
   7  0  0  0  1  0  1 91
[1] 0.9600378788
    validation
pred  1  2  3  4  5  6  7
   1 55  0  0  0  0  1  0
   2  0 25  0  0  1  1  1
   3  0  1 69  0  0  1  0
   4  0  0  0 33  0  1  0
   5  0  1  0  2 78  0  1
   6  0  1  0  0  0 34  0
   7  0  0  0  0  0  0 91
[1] 0.9631628788
    validation
pred  1  2  3  4  5  6  7
   1 55  0  0  0  0  0  0
   2  0 26  0  0  1  0  2
   3  0  1 69  0  0  1  0
   4  0  0  0 31  0  0  0
   5  0  0  0  2 78  0  0
   6  0  1  0  0  0 36  0
   7  0  0  0  2  0  1 91
[1] 0.9664772727
    validation
pred  1  2  3  4  5  6  7
   1 55  1  0  0  0  1  1
   2  0 25  0  0  1  1  1
   3  0  1 69  0  0  1  0
   4  0  0  0 33  0  0  0
   5  0  0  0  2 78  0  0
   6  0  1  0  0  0 35  0
   7  0  0  0  0  0  0 91
[1] 0.9663825758
    validation
pred  1  2  3  4  5  6  7
   1 55  0  0  0  0  1  0
   2  0 26  0  0  1  1  2
   3  0  0 69  0  0  1  0
   4  0  0  0 33  0  0  1
   5  0  0  0  2 78  0  0
   6  0  1  0  0  0 35  0
   7  0  1  0  0  0  0 90
[1] 0.9662878788
    validation
pred  1  2  3  4  5  6  7
   1 55  0  0  0  0  1  0
   2  0 25  0  0  1  0  2
   3  0  1 69  0  0  1  0
   4  0  0  0 33  0  0  0
   5  0  0  0  2 78  0  0
   6  0  1  0  0  0 36  0
   7  0  1  0  0  0  0 91
[1] 0.9694128788
    validation
pred  1  2  3  4  5  6  7
   1 55  1  0  0  0  0  0
   2  0 25  0  0  1  1  1
   3  0  1 69  0  0  1  0
   4  0  0  0 33  0  0  1
   5  0  0  0  2 78  0  1
   6  0  1  0  0  0 35  0
   7  0  0  0  0  0  1 90
[1] 0.9630681818
    validation
pred  1  2  3  4  5  6  7
   1 55  0  0  0  0  0  0
   2  0 23  0  0  1  0  1
   3  0  1 69  0  0  1  0
   4  0  1  0 33  0  1  0
   5  0  2  0  2 78  0  1
   6  0  0  0  0  0 35  0
   7  0  1  0  0  0  1 91
[1] 0.9601325758
    validation
pred  1  2  3  4  5  6  7
   1 55  0  0  0  0  0  1
   2  0 26  0  0  1  0  1
   3  0  1 69  0  0  1  0
   4  0  0  0 32  0  0  0
   5  0  0  0  2 78  0  0
   6  0  1  0  0  0 36  0
   7  0  0  0  1  0  1 91
[1] 0.9694128788
    validation
pred  1  2  3  4  5  6  7
   1 55  0  0  0  0  1  0
   2  0 23  0  0  1  1  1
   3  0  1 69  0  0  1  0
   4  0  0  0 32  0  1  0
   5  0  3  0  2 78  0  1
   6  0  1  0  0  0 34  0
   7  0  0  0  1  0  0 91
[1] 0.9538825758
    validation
pred  1  2  3  4  5  6  7
   1 55  0  0  0  0  0  0
   2  0 25  0  0  1  0  1
   3  0  0 69  0  0  1  0
   4  0  0  0 32  0  0  0
   5  0  1  0  2 78  0  1
   6  0  1  0  0  0 37  0
   7  0  1  0  1  0  0 91
[1] 0.9696969697
    validation
pred  1  2  3  4  5  6  7
   1 55  1  0  0  0  1  0
   2  0 24  0  0  1  0  1
   3  0  1 69  0  0  1  0
   4  0  0  0 33  0  1  0
   5  0  1  0  2 78  0  1
   6  0  0  0  0  0 35  0
   7  0  1  0  0  0  0 91
[1] 0.9634469697
    validation
pred  1  2  3  4  5  6  7
   1 55  0  0  0  0  0  0
   2  0 25  0  0  1  1  2
   3  0  1 69  0  0  1  0
   4  0  0  0 33  0  0  0
   5  0  0  0  2 78  0  0
   6  0  1  0  0  0 36  0
   7  0  1  0  0  0  0 91
[1] 0.9693181818
    validation
pred  1  2  3  4  5  6  7
   1 54  1  0  0  0  0  0
   2  0 24  0  0  1  1  1
   3  1  1 69  0  0  1  0
   4  0  0  0 32  0  0  0
   5  0  1  0  2 78  0  1
   6  0  1  0  0  0 35  0
   7  0  0  0  1  0  1 91
[1] 0.9571969697
    validation
pred  1  2  3  4  5  6  7
   1 55  0  0  0  0  1  1
   2  0 24  0  0  1  1  1
   3  0  1 69  0  0  1  0
   4  0  0  0 33  0  0  0
   5  0  2  0  2 78  0  0
   6  0  1  0  0  0 33  0
   7  0  0  0  0  0  2 91
[1] 0.9570075758
    validation
pred  1  2  3  4  5  6  7
   1 55  0  0  0  0  2  0
   2  0 24  0  0  1  1  1
   3  0  1 69  0  0  0  0
   4  0  0  0 33  0  0  0
   5  0  1  0  2 78  0  1
   6  0  1  0  0  0 35  0
   7  0  1  0  0  0  0 91
[1] 0.9634469697
    validation
pred  1  2  3  4  5  6  7
   1 55  1  0  0  0  0  0
   2  0 25  0  0  1  0  1
   3  0  1 69  0  0  1  0
   4  0  0  0 33  0  1  0
   5  0  0  0  2 78  0  1
   6  0  1  0  0  0 35  0
   7  0  0  0  0  0  1 91
[1] 0.9662878788
    validation
pred  1  2  3  4  5  6  7
   1 55  1  0  0  0  0  1
   2  0 24  0  0  1  0  1
   3  0  1 69  0  0  1  0
   4  0  0  0 33  0  0  0
   5  0  1  0  2 78  0  0
   6  0  1  0  0  0 37  0
   7  0  0  0  0  0  0 91
[1] 0.9694128788
    validation
pred  1  2  3  4  5  6  7
   1 55  1  0  0  0  1  0
   2  0 25  0  0  1  0  1
   3  0  1 69  0  0  1  0
   4  0  0  0 32  0  0  0
   5  0  0  0  2 78  0  1
   6  0  1  0  1  0 36  0
   7  0  0  0  0  0  0 91
[1] 0.9664772727
